25.0	31.25	37.5	43.75	50.0	56.25	62.5	68.75	75.0	79.6875	100.0	112.5	125.0	137.5	150.0	162.5
400.0	0.0	0.0	0.0	0.0	0.0	0.0	0.0	0.0	0.0	0.0	0.0	0.0	0.0	0.0	0.0	0.0
800.0	0.0	0.0	0.0	0.0	0.0	0.0	0.0	0.0	0.0	0.0	0.0	0.0	0.0	0.0	0.0	30.0
1200.0	0.0	0.0	0.0	0.0	0.0	0.0	0.0	0.0	0.0	31.0	31.0	31.0	31.0	31.0	31.0	30.0
1600.0	0.0	0.0	0.0	0.0	0.0	0.0	0.0	0.0	0.0	31.0	31.0	31.0	31.0	31.0	31.0	31.0
2000.0	0.0	0.0	0.0	0.0	0.0	0.0	0.0	0.0	0.0	30.0	30.0	30.0	30.0	30.0	30.0	30.0
2400.0	0.0	0.0	0.0	0.0	0.0	0.0	0.0	0.0	0.0	20.0	20.0	20.0	20.0	20.0	20.0	20.0
2800.0	0.0	0.0	0.0	0.0	0.0	0.0	0.0	0.0	0.0	20.0	20.0	20.0	20.0	20.0	20.0	20.0
3200.0	0.0	0.0	0.0	5.0	10.0	15.0	20.0	20.0	20.0	20.0	20.0	20.0	20.0	20.0	20.0	20.0
3600.0	0.0	0.0	0.0	5.0	10.0	15.0	20.0	20.0	20.0	20.0	20.0	20.0	20.0	20.0	20.0	20.0
4000.0	0.0	0.0	0.0	5.0	10.0	15.0	20.0	20.0	20.0	20.0	20.0	20.0	20.0	20.0	20.0	20.0
4400.0	0.0	0.0	0.0	5.0	10.0	15.0	15.0	15.0	15.0	15.0	15.0	15.0	15.0	15.0	15.0	15.0
4800.0	0.0	0.0	0.0	5.0	10.0	10.0	10.0	10.0	10.0	10.0	15.0	15.0	15.0	15.0	15.0	15.0
5200.0	0.0	0.0	0.0	0.0	5.0	5.0	5.0	5.0	5.0	5.0	5.0	5.0	5.0	5.0	5.0	5.0
5600.0	0.0	0.0	0.0	0.0	0.0	0.0	0.0	0.0	0.0	0.0	0.0	0.0	0.0	0.0	0.0	0.0
6000.0	0.0	0.0	0.0	0.0	0.0	0.0	0.0	0.0	0.0	0.0	0.0	0.0	0.0	0.0	0.0	0.0
6400.0	0.0	0.0	0.0	0.0	0.0	0.0	0.0	0.0	0.0	0.0	0.0	0.0	0.0	0.0	0.0	0.0